service_id,monday,tuesday,wednesday,thursday,friday,saturday,sunday,start_date,end_date
A51743AVVBSK-011,0,0,0,0,0,0,1,20120916,20121125
A54748AHCBSK-011,1,1,1,1,0,0,0,20120917,20121129
A54818ASZBSK-011,0,0,0,0,0,1,0,20120915,20121124
A55668APPBSK-011,0,0,0,0,1,0,0,20120914,20121130
A59730AHPSzGy011,1,1,1,1,1,0,0,20120914,20121130
A65119ASZGPP-021,0,0,0,0,0,1,0,20120915,20120915
A65120AVVGPP-021,0,0,0,0,0,0,1,20120916,20120916
A69165ASZSZM011,0,0,0,0,0,1,0,20120915,20121124
A71272ASZGPP-021,0,0,0,0,0,1,0,20120915,20121124
A71387ASZGPP-021,0,0,0,0,0,1,0,20120915,20121124
A72157ASZGPP-031,0,0,0,0,0,1,0,20120915,20121124
A73151AHCGPP-021,1,1,1,1,0,0,0,20120917,20121129
A73190APPGPP-021,0,0,0,0,1,0,0,20120921,20121130
A73212ASZGPP-021,0,0,0,0,0,1,0,20120929,20121124
A73215AVVGPP-021,0,0,0,0,0,0,1,20120930,20121125
A73394ASVGPP-041,0,0,0,0,0,1,1,20120915,20121125
A73738ASZKG-0011,0,0,0,0,0,1,0,20120915,20121124
A73989APPSZM011,0,0,0,0,1,0,0,20120914,20121130
A76911ASZSRM-011,0,0,0,0,0,1,0,20120915,20121124
A76912AVVSRM-011,0,0,0,0,0,0,1,20120916,20121125
A76946AHCSRM-011,1,1,1,1,0,0,0,20120917,20121129
A76947APPSRM-011,0,0,0,0,1,0,0,20120914,20121130
A77042ASZMK-011,0,0,0,0,0,1,0,20120915,20121124
A77791AHCSRM-021,1,1,1,1,0,0,0,20121001,20121129
A77793ASZSRM-021,0,0,0,0,0,1,0,20120915,20121124
A77794AVVSRM-021,0,0,0,0,0,0,1,20120916,20121125
A79526ASZPG-0021,0,0,0,0,0,1,0,20120915,20121124
A79556APPSRM-011,0,0,0,0,1,0,0,20120914,20121130
A79557ASZSRM-011,0,0,0,0,0,1,0,20120915,20121124
A79575ASZPG-0021,0,0,0,0,0,1,0,20120915,20121124
A79583ASZMA-0011,0,0,0,0,0,1,0,20120915,20121124
A79585ASZKG-0011,0,0,0,0,0,1,0,20120915,20121124
A79595APPGPP-011,0,0,0,0,1,0,0,20120914,20121130
A79599ASZMA-0011,0,0,0,0,0,1,0,20120915,20121124
A79600APPSRM-021,0,0,0,0,1,0,0,20120914,20121130
A79675ASZMA-0011,0,0,0,0,0,1,0,20120915,20121124
A79723ASZPG-0031,0,0,0,0,0,1,0,20120915,20121124
A79786APPKG-0011,0,0,0,0,1,0,0,20120914,20121130
A80206ACSMA-0011,0,0,0,1,0,0,0,20120913,20121129
A80206APPMA-0011,0,0,0,0,1,0,0,20120914,20121130
A80246APPMA-0011,0,0,0,0,1,0,0,20120921,20121123
A80246ASZMA-0011,0,0,0,0,0,1,0,20120922,20121124
A81619AVCSRM-021,1,1,1,1,0,0,1,20120916,20121129
A81644APSSRM-011,0,0,0,0,1,1,0,20120914,20121130
A81683ASZSRM-021,0,0,0,0,0,1,0,20120915,20121124
A82765ASZCsZ-021,0,0,0,0,0,1,0,20120915,20121124
A82766ASZPG-0041,0,0,0,0,0,1,0,20120929,20121124
A82769AVVPG-0041,0,0,0,0,0,0,1,20120916,20121125
A82776AVVCsZ-021,0,0,0,0,0,0,1,20120916,20121125
A82790ASZMA-0011,0,0,0,0,0,1,0,20120915,20121124
A82791AVVMA-0011,0,0,0,0,0,0,1,20120916,20121125
A82797APPSzM031,0,0,0,0,1,0,0,20120914,20121130
A82801ASZPG-0021,0,0,0,0,0,1,0,20120922,20121124
A82811ASZPG-0011,0,0,0,0,0,1,0,20120915,20121124
A82811ASZPG-0051,0,0,0,0,0,1,0,20120915,20121124
A82814ASZHA-0021,0,0,0,0,0,1,0,20120915,20121124
A82819AHPCSI-011,1,1,1,1,1,0,0,20120914,20121130
A82826ASZCsZ-051,0,0,0,0,0,1,0,20120915,20121124
A82830AHCKG-0011,1,1,1,1,0,0,0,20120917,20121129
A82831AVVKG-0011,0,0,0,0,0,0,1,20120916,20121125
A82838ASZCsZ-031,0,0,0,0,0,1,0,20120915,20121124
A82842AVVPG-0021,0,0,0,0,0,0,1,20120923,20121125
A82849AHCKG-0011,1,1,1,1,0,0,0,20120917,20121129
A82853ASZCsZ-031,0,0,0,0,0,1,0,20120915,20121124
A82854AVVCsZ-031,0,0,0,0,0,0,1,20120916,20121125
A82855ASZCsZ-021,0,0,0,0,0,1,0,20120915,20121124
A82857AVVCsZ-031,0,0,0,0,0,0,1,20120916,20121125
A82859AVVCsZ-021,0,0,0,0,0,0,1,20120916,20121125
A82869ASZCsZ-051,0,0,0,0,0,1,0,20120915,20121124
A82876ASZCsZ-051,0,0,0,0,0,1,0,20120915,20121124
A82878AVVCsZ-051,0,0,0,0,0,0,1,20120916,20121125
A82880AHPMA-0011,1,1,1,1,1,0,0,20120914,20121130
A82888AVVMA-0011,0,0,0,0,0,0,1,20120916,20121125
A82896ASZMA-0011,0,0,0,0,0,1,0,20120915,20121124
A82898AVVMA-0011,0,0,0,0,0,0,1,20120916,20121125
A82900AVVPG-0021,0,0,0,0,0,0,1,20120916,20121125
A82903ASZHA-0011,0,0,0,0,0,1,0,20120915,20121124
A82905AHPMA-0011,1,1,1,1,1,0,0,20120914,20121130
A82914AVVPG-0061,0,0,0,0,0,0,1,20120916,20121125
A82914AVVPG-0081,0,0,0,0,0,0,1,20120916,20121125
A82915ASZMA-0011,0,0,0,0,0,1,0,20120922,20121124
A82915AVVMA-0011,0,0,0,0,0,0,1,20120923,20121125
A82918ASZSzGy031,0,0,0,0,0,1,0,20120929,20121124
A82920AVVMA-0011,0,0,0,0,0,0,1,20120916,20121125
A82922AHPMA-0011,1,1,1,1,1,0,0,20120914,20121130
A82924ASZPG-0061,0,0,0,0,0,1,0,20120915,20121124
A82925AVVSzGy031,0,0,0,0,0,0,1,20120930,20121125
A82927ASZCsZ-041,0,0,0,0,0,1,0,20120915,20121124
A82930AHCSZM011,1,1,1,1,0,0,0,20120917,20121129
A82931AVVCsZ-041,0,0,0,0,0,0,1,20120916,20121125
A82933AVVMA-0011,0,0,0,0,0,0,1,20120916,20121125
A82939AVVSZM011,0,0,0,0,0,0,1,20120916,20121125
A82944AHPPG-0021,1,1,1,1,1,0,0,20120914,20121130
A82962AHPMK-011,1,1,1,1,1,0,0,20120914,20121130
A82969ASZCsZ-041,0,0,0,0,0,1,0,20120915,20121124
A82970AVVMK-011,0,0,0,0,0,0,1,20120916,20121125
A82973AHPPG-0031,1,1,1,1,1,0,0,20120914,20121130
A82975AHCSzM031,1,1,1,1,0,0,0,20120917,20121129
A82980ASZCsZ-031,0,0,0,0,0,1,0,20120915,20121124
A82982ASZPG-0021,0,0,0,0,0,1,0,20120915,20121124
A82984ASZHA-0021,0,0,0,0,0,1,0,20120915,20121124
A82987AVVPG-0021,0,0,0,0,0,0,1,20120916,20121125
A82988AVVHA-0021,0,0,0,0,0,0,1,20120916,20121125
A82989TJHPGPP-011,1,1,1,1,1,0,0,20120914,20121130
A82995AHCPG-0041,1,1,1,1,0,0,0,20120917,20121129
A82999NHSVGPP-011,0,0,0,0,0,1,1,20120915,20121125
A83007AVVPG-0031,0,0,0,0,0,0,1,20120916,20121125
A83008APPPG-0041,0,0,0,0,1,0,0,20120914,20121130
A83009ASVSzM031,0,0,0,0,0,1,1,20120915,20121125
A83012AVVCsZ-101,0,0,0,0,0,0,1,20120916,20121125
A83020ASZCSI-011,0,0,0,0,0,1,0,20120915,20121124
A83027AHPMA-0011,1,1,1,1,1,0,0,20120914,20121130
A83030AHCSRM-011,1,1,1,1,0,0,0,20120917,20120927
A83032APPSRM-011,0,0,0,0,1,0,0,20120914,20121130
A83035ASZSRM-011,0,0,0,0,0,1,0,20120915,20121124
A83038AVVSRM-011,0,0,0,0,0,0,1,20120916,20121125
A83042AHPGPP-021,1,1,1,1,1,0,0,20120914,20121130
A83045AVVGPP-021,0,0,0,0,0,0,1,20120916,20121125
A83048AHCSRM-011,1,1,1,1,0,0,0,20120917,20120927
A83050AVVSRM-011,0,0,0,0,0,0,1,20120916,20121125
A83052AHCGPP-011,1,1,1,1,0,0,0,20120917,20120927
A83056ASVGPP-021,0,0,0,0,0,1,1,20120915,20121125
A83057RHCSRM-021,1,1,1,1,0,0,0,20120917,20120927
A83058ASVPG-0041,0,0,0,0,0,1,1,20120915,20121125
A83065AHPKG-0011,1,1,1,1,1,0,0,20120914,20121130
A83067AHPGPP-031,1,1,1,1,1,0,0,20120914,20121130
A83068AVVKG-0011,0,0,0,0,0,0,1,20120916,20121125
A83073AVVGPP-031,0,0,0,0,0,0,1,20120916,20121125
A83077AHCSRM-021,1,1,1,1,0,0,0,20120917,20121129
A83080AVVGPP-021,0,0,0,0,0,0,1,20120916,20121125
A83082AVVSRM-011,0,0,0,0,0,0,1,20120916,20121125
A83091AVVCSI-011,0,0,0,0,0,0,1,20120916,20121125
A83115AHCCsZ-031,1,1,1,1,0,0,0,20120917,20121129
A83116APPCsZ-031,0,0,0,0,1,0,0,20120914,20121130
A83139ASZPG-0031,0,0,0,0,0,1,0,20120915,20121124
A83153APPCsZ-011,0,0,0,0,1,0,0,20120914,20121130
A83153APPCsZ-021,0,0,0,0,1,0,0,20120914,20121130
A83154APPCsZ-011,0,0,0,0,1,0,0,20120914,20121130
A83160APPCsZ-031,0,0,0,0,1,0,0,20120914,20121130
A83161ASZCsZ-011,0,0,0,0,0,1,0,20120915,20121124
A83161ASZCsZ-021,0,0,0,0,0,1,0,20120915,20121124
A83186ASZCsZ-011,0,0,0,0,0,1,0,20120915,20121124
A83202RHPSRM-021,1,1,1,1,1,0,0,20120914,20121129
A83207AHPMA-0011,1,1,1,1,1,0,0,20120914,20121130
A83208AHCSRM-021,1,1,1,1,0,0,0,20120917,20121129
A83221AHCHA-0011,1,1,1,1,0,0,0,20120917,20121129
A83226AHCPG-0071,1,1,1,1,0,0,0,20120917,20121129
A83236AHCHA-0021,1,1,1,1,0,0,0,20120917,20121129
A83249AHCCsZ-031,1,1,1,1,0,0,0,20120917,20121129
A83252AHPPG-0051,1,1,1,1,1,0,0,20120914,20121130
A83271AHCCsZ-011,1,1,1,1,0,0,0,20120917,20121129
A83292AHCCsZ-011,1,1,1,1,0,0,0,20120917,20121129
A83294APPPG-0021,0,0,0,0,1,0,0,20120914,20121130
A83294APPPG-0031,0,0,0,0,1,0,0,20120914,20121130
A83295AHCCsZ-061,1,1,1,1,0,0,0,20120917,20121129
A83306AHCCsZ-021,1,1,1,1,0,0,0,20120917,20121129
A83309AHPSRM-011,1,1,1,1,1,0,0,20120914,20121130
A83315AHCVP-0011,1,1,1,1,0,0,0,20120917,20121129
A83317AHCCsZ-051,1,1,1,1,0,0,0,20120917,20121129
A83321AHPPG-0041,1,1,1,1,1,0,0,20120914,20121130
A83325AHPSzGy021,1,1,1,1,1,0,0,20120914,20121130
A83327APPSRM-011,0,0,0,0,1,0,0,20120914,20121130
A83328AHCCsZ-031,1,1,1,1,0,0,0,20120917,20121129
A83338ASZCsZ-011,0,0,0,0,0,1,0,20120915,20121124
A83339AHPSzGy011,1,1,1,1,1,0,0,20120914,20121130
A83342AHCHA-0021,1,1,1,1,0,0,0,20120917,20121129
A83351AHCSRM-011,1,1,1,1,0,0,0,20120917,20121129
A83360AHCCsZ-021,1,1,1,1,0,0,0,20120917,20121129
A83361AHCPG-0041,1,1,1,1,0,0,0,20120917,20121129
A83369AHCCsZ-071,1,1,1,1,0,0,0,20120917,20121129
A83370AHCCsZ-041,1,1,1,1,0,0,0,20120917,20121129
A83374AHPSzGy031,1,1,1,1,1,0,0,20121001,20121129
A83378AVVPG-0031,0,0,0,0,0,0,1,20120916,20121125
A83381ASZSRM-011,0,0,0,0,0,1,0,20120915,20121124
A83383APPSRM-021,0,0,0,0,1,0,0,20120914,20121130
A83384ASZSRM-021,0,0,0,0,0,1,0,20120915,20121124
A83401AVCSRM-011,1,1,1,1,0,0,1,20120916,20121129
A83407APPSRM-021,0,0,0,0,1,0,0,20120914,20121130
A83434APPCsZ-011,0,0,0,0,1,0,0,20120914,20121130
A83441APPCsZ-021,0,0,0,0,1,0,0,20120914,20121130
A83449APPCsZ-011,0,0,0,0,1,0,0,20120914,20121130
A83454AVCCsZ-011,1,1,1,1,0,0,1,20120916,20121129
A83454AVCCsZ-021,1,1,1,1,0,0,1,20120916,20121129
A83456AHCCsZ-031,1,1,1,1,0,0,0,20120917,20121129
A83456AHCCsZ-051,1,1,1,1,0,0,0,20120917,20121129
A83459AVVPG-0031,0,0,0,0,0,0,1,20120916,20121125
A83464AHCPG-0031,1,1,1,1,0,0,0,20120917,20121129
A83466APPCsZ-071,0,0,0,0,1,0,0,20120914,20121130
A83468AVCSRM-011,1,1,1,1,0,0,1,20120916,20121129
A83473AHCPG-0051,1,1,1,1,0,0,0,20120917,20120927
A83474APPPG-0051,0,0,0,0,1,0,0,20120914,20121130
A83478APPHA-0021,0,0,0,0,1,0,0,20120914,20120914
A83479AVCSRM-021,1,1,1,1,0,0,1,20120916,20121129
A83483APPSRM-011,0,0,0,0,1,0,0,20120914,20121130
A83488APPCsZ-031,0,0,0,0,1,0,0,20120914,20121130
A83488APPCsZ-051,0,0,0,0,1,0,0,20120914,20121130
A83489APPCsZ-041,0,0,0,0,1,0,0,20120914,20121130
A83491APPHA-0021,0,0,0,0,1,0,0,20120914,20121130
A83499APPCsZ-061,0,0,0,0,1,0,0,20120914,20121130
A83508AVCCsZ-011,1,1,1,1,0,0,1,20120916,20121129
A83520APPPG-0011,0,0,0,0,1,0,0,20120914,20121130
A83520APPPG-0051,0,0,0,0,1,0,0,20120914,20121130
A83526APPCsZ-021,0,0,0,0,1,0,0,20120914,20121130
A83531APPHA-0021,0,0,0,0,1,0,0,20120914,20121130
A83541AHPPG-0021,1,1,1,1,1,0,0,20120917,20121130
A83547APPVP-0011,0,0,0,0,1,0,0,20120914,20121130
A83558AHCCsZ-011,1,1,1,1,0,0,0,20120917,20121129
A83561APPPG-0041,0,0,0,0,1,0,0,20120914,20121130
A83563AHPCsZ-041,1,1,1,1,1,0,0,20120914,20121130
A83570APPCsZ-011,0,0,0,0,1,0,0,20120914,20121130
A83578RPPSRM-021,0,0,0,0,1,0,0,20120914,20121130
A83584APPCsZ-051,0,0,0,0,1,0,0,20120914,20120914
A83650AHCHA-0011,1,1,1,1,0,0,0,20120917,20121129
A83667APPHA-0011,0,0,0,0,1,0,0,20120914,20121130
A83669ASZSRM-021,0,0,0,0,0,1,0,20120915,20121124
A83671APPHA-0011,0,0,0,0,1,0,0,20120914,20121130
A83672AVVSRM-021,0,0,0,0,0,0,1,20120916,20121125
A83680AHCSRM-011,1,1,1,1,0,0,0,20120917,20121129
A83682APPSRM-011,0,0,0,0,1,0,0,20120914,20121130
A83690ASZSRM-011,0,0,0,0,0,1,0,20120915,20121124
A83704RHCTF-0021,1,1,1,1,0,0,0,20120925,20120925
A83706RHCTF-0011,1,1,1,1,0,0,0,20120924,20120924
A83709AVCCsZ-011,1,1,1,1,0,0,1,20120916,20121129
A83710RHCHA-0011,1,1,1,1,0,0,0,20120924,20120924
A83726AVVCsZ-061,0,0,0,0,0,0,1,20120916,20121125
A83733AHCCsZ-051,1,1,1,1,0,0,0,20120917,20121129
A83758ASZPG-0021,0,0,0,0,0,1,0,20120915,20121124
A83758ASZPG-0031,0,0,0,0,0,1,0,20120915,20121124
A83767AVVGPP-011,0,0,0,0,0,0,1,20120916,20121125
A83768ASZGPP-011,0,0,0,0,0,1,0,20120915,20121124
A83914AHCPG-0031,1,1,1,1,0,0,0,20120917,20121129
A83929APPCsZ-011,0,0,0,0,1,0,0,20120914,20120914
A83933APPPG-0031,0,0,0,0,1,0,0,20120914,20121130
A83969APPPG-0071,0,0,0,0,1,0,0,20120914,20121130
A83994AHCPG-0011,1,1,1,1,0,0,0,20120917,20121129
A83994AHCPG-0051,1,1,1,1,0,0,0,20120917,20121129
A84001AHPPG-0021,1,1,1,1,1,0,0,20120914,20121130
A84035APPSzGy031,0,0,0,0,1,0,0,20120914,20120914
A84167ASZHA-0021,0,0,0,0,0,1,0,20120915,20121124
A84202R01SZTF-0011,0,0,0,0,0,1,0,20120929,20121124
A84206R01VVTF-0011,0,0,0,0,0,0,1,20120930,20121125
A84220AHCMA-0011,1,1,1,1,0,0,0,20120917,20121129
A84228ASZMA-0011,0,0,0,0,0,1,0,20120915,20121124
A84230AVVMA-0011,0,0,0,0,0,0,1,20120916,20121125
A84249AVVMK-021,0,0,0,0,0,0,1,20120916,20121125
A84250ASZMK-021,0,0,0,0,0,1,0,20120915,20121124
A84254APPMA-0011,0,0,0,0,1,0,0,20120914,20121130
A84257AHPMK-021,1,1,1,1,1,0,0,20120914,20121130
A84272ASZSRM-011,0,0,0,0,0,1,0,20120915,20121124
A84285AVCSRM-021,1,1,1,1,0,0,1,20120916,20121129
A84296AVVPG-0021,0,0,0,0,0,0,1,20120916,20121125
A84298ASZPG-0021,0,0,0,0,0,1,0,20120915,20121124
A84317AHCMA-0021,1,1,1,1,0,0,0,20120917,20121129
A84318ASVPG-0011,0,0,0,0,0,1,1,20120915,20121125
A84320AHPMA-0021,1,1,1,1,1,0,0,20120914,20121130
A84321ASVCsZ-031,0,0,0,0,0,1,1,20120915,20121125
A84325AHCNT-0061,1,1,1,1,0,0,0,20120917,20121129
A84329AHCPG-0021,1,1,1,1,0,0,0,20120917,20121129
A84339APPNT-0061,0,0,0,0,1,0,0,20120914,20121130
A84343ASVCsZ-011,0,0,0,0,0,1,1,20120915,20121125
A84345APPMA-0021,0,0,0,0,1,0,0,20120914,20121130
A84355APPPG-0021,0,0,0,0,1,0,0,20120914,20121130
A84358ASZMA-0021,0,0,0,0,0,1,0,20120915,20121124
A84361ASZNT-0061,0,0,0,0,0,1,0,20120915,20121124
A84380AVVPG-0021,0,0,0,0,0,0,1,20120916,20121125
A84421AHCSzGy021,1,1,1,1,0,0,0,20120917,20120920
A84444APPPG-0021,0,0,0,0,1,0,0,20120914,20121130
A84460AVCSRM-011,1,1,1,1,0,0,1,20120916,20121129
A84467AHCCsZ-011,1,1,1,1,0,0,0,20120917,20121129
A84482AHPHA-0011,1,1,1,1,1,0,0,20120914,20121130
A84482AHPHA-0021,1,1,1,1,1,0,0,20120914,20121130
A84485APPCsZ-011,0,0,0,0,1,0,0,20120914,20121130
A84487APPSzGy021,0,0,0,0,1,0,0,20120914,20120921
A84488AHPHA-0021,1,1,1,1,1,0,0,20120914,20121130
A84490AHPCsZ-021,1,1,1,1,1,0,0,20120914,20121130
A84496ASVKZ-0011,0,0,0,0,0,1,1,20120915,20121125
A84496ASVKz-0011,0,0,0,0,0,1,1,20120915,20121125
A84501APPSRM-011,0,0,0,0,1,0,0,20120914,20121130
A84508ASZSRM-011,0,0,0,0,0,1,0,20120915,20121124
A84530ASZSzGy021,0,0,0,0,0,1,0,20120915,20120922
A84547ASZSRM-031,0,0,0,0,0,1,0,20120915,20121124
A84549AVVSRM-031,0,0,0,0,0,0,1,20120916,20121125
A84551ASVHA-0021,0,0,0,0,0,1,1,20120915,20121125
A84552ASVHA-0011,0,0,0,0,0,1,1,20120915,20121125
A84553ASZHA-0021,0,0,0,0,0,1,0,20120915,20121124
A84554AVVHA-0021,0,0,0,0,0,0,1,20120916,20121125
A84559AVVHA-0041,0,0,0,0,0,0,1,20120916,20120923
A84560AHPCsZ-041,1,1,1,1,1,0,0,20120914,20121130
A84560AHPCsZ-051,1,1,1,1,1,0,0,20120914,20121130
A84561ASZCsZ-041,0,0,0,0,0,1,0,20120915,20121124
A84561ASZCsZ-051,0,0,0,0,0,1,0,20120915,20121124
A84562AVVCsZ-041,0,0,0,0,0,0,1,20120916,20121125
A84562AVVCsZ-051,0,0,0,0,0,0,1,20120916,20121125
A84572AVVHA-0011,0,0,0,0,0,0,1,20120916,20121125
A84577AHCPG-0051,1,1,1,1,0,0,0,20120917,20121129
A84578AVVPG-0051,0,0,0,0,0,0,1,20120916,20121125
A84597AVVHA-0021,0,0,0,0,0,0,1,20120916,20121125
A84642ASZSzGy011,0,0,0,0,0,1,0,20120915,20121124
A84643AVVSzGy011,0,0,0,0,0,0,1,20120916,20121125
A84651AHPSRM-011,1,1,1,1,1,0,0,20120914,20121130
A84662AHCSRM-011,1,1,1,1,0,0,0,20120917,20121129
A84672APPSRM-011,0,0,0,0,1,0,0,20120914,20121130
A84683AVCSRM-011,1,1,1,1,0,0,1,20120916,20121129
A84684AVVMA-0021,0,0,0,0,0,0,1,20120916,20121125
A84686AVVNT-0061,0,0,0,0,0,0,1,20120916,20121125
A84692AVVHA-0011,0,0,0,0,0,0,1,20120916,20121125
A84693AVVHA-0021,0,0,0,0,0,0,1,20120916,20121125
A84694AVVSRM-011,0,0,0,0,0,0,1,20120916,20121125
A84697ASZSRM-011,0,0,0,0,0,1,0,20120915,20121124
A84699AHCSRM-031,1,1,1,1,0,0,0,20120917,20121129
A84701ASZCsZ-021,0,0,0,0,0,1,0,20120915,20121124
A84704APPSRM-031,0,0,0,0,1,0,0,20120914,20121130
A84708R04SZTF-0011,0,0,0,0,0,1,0,20120922,20120922
A84710R04VVTF-0011,0,0,0,0,0,0,1,20120923,20120923
A84712ASZCsZ-041,0,0,0,0,0,1,0,20120915,20121124
A84718AVVCsZ-031,0,0,0,0,0,0,1,20120916,20121125
A84718AVVCsZ-051,0,0,0,0,0,0,1,20120916,20121125
A84722AVVCsZ-071,0,0,0,0,0,0,1,20120916,20121125
A84726AVVSRM-011,0,0,0,0,0,0,1,20120916,20121125
A84732ASZPG-0051,0,0,0,0,0,1,0,20120915,20121124
A84735ASZSRM-011,0,0,0,0,0,1,0,20120915,20121124
A84745R04SZTF-0011,0,0,0,0,0,1,0,20120922,20120922
A84747R04VVTF-0011,0,0,0,0,0,0,1,20120923,20120923
A84748AHPMA-0031,1,1,1,1,1,0,0,20120914,20121130
A84764AVVCsZ-041,0,0,0,0,0,0,1,20120916,20121125
A84766AVVCsZ-041,0,0,0,0,0,0,1,20120916,20121125
A84785ASZCsZ-051,0,0,0,0,0,1,0,20120915,20121124
A84786AVVCsZ-051,0,0,0,0,0,0,1,20120916,20121125
A84853AVVCsZ-011,0,0,0,0,0,0,1,20120916,20121125
A84853AVVCsZ-051,0,0,0,0,0,0,1,20120916,20121125
A84871AHCPG-0011,1,1,1,1,0,0,0,20120917,20121129
A84893APPPG-0011,0,0,0,0,1,0,0,20120914,20121130
A84988AVVSRM-011,0,0,0,0,0,0,1,20120916,20121125
A84989AVVCsZ-041,0,0,0,0,0,0,1,20120916,20121125
A84995AVVPG-0051,0,0,0,0,0,0,1,20120916,20121125
A84998AVVHA-0021,0,0,0,0,0,0,1,20120916,20121125
A85239AHCPG-0041,1,1,1,1,0,0,0,20120917,20121129
A85240APPPG-0041,0,0,0,0,1,0,0,20120914,20121130
A85244ASZHA-0021,0,0,0,0,0,1,0,20120915,20121124
A85246AHCHA-0011,1,1,1,1,0,0,0,20120917,20121129
A85247APPHA-0011,0,0,0,0,1,0,0,20120914,20121130
A85290AHCHA-0041,1,1,1,1,0,0,0,20120917,20120920
A85291APPHA-0041,0,0,0,0,1,0,0,20120914,20120921
A85319AHPCsZ-081,1,1,1,1,1,0,0,20120914,20121130
A85319AHPCsZ-101,1,1,1,1,1,0,0,20120914,20121130
A85345APPSRM-021,0,0,0,0,1,0,0,20120914,20121130
A85346ASZSRM-021,0,0,0,0,0,1,0,20120915,20121124
A85349ASZSRM-021,0,0,0,0,0,1,0,20120915,20121124
A85352AVCSRM-021,1,1,1,1,0,0,1,20120916,20121129
A85354AHCSRM-011,1,1,1,1,0,0,0,20120917,20121129
A85355APPSRM-011,0,0,0,0,1,0,0,20120914,20121130
A85359APPKG-0011,0,0,0,0,1,0,0,20120914,20121130
A85360AHCPG-0021,1,1,1,1,0,0,0,20120917,20121129
A85361AHHMA-0011,1,0,0,0,0,0,0,20121001,20121129
A85361AVVMA-0011,0,0,0,0,0,0,1,20120930,20121128
A85362AHSMA-0011,1,1,1,0,0,0,0,20120917,20120926
A85362AKCMA-0011,0,1,1,1,0,0,0,20120918,20120927
A85363REHHTF-0011,1,0,0,0,0,0,0,20120924,20120924
A85363REVVTF-0011,0,0,0,0,0,0,1,20120923,20120923
A85364REKKTF-0011,0,1,0,0,0,0,0,20120925,20120925
A85365AHCHA-0051,1,1,1,1,0,0,0,20120917,20121129
A85366AHPHA-0011,1,1,1,1,1,0,0,20120914,20121130
A85367APPHA-0051,0,0,0,0,1,0,0,20120914,20121130
A85368AHCCsZ-041,1,1,1,1,0,0,0,20120917,20121129
A85369APPCsZ-041,0,0,0,0,1,0,0,20120914,20121130
A85374ASVHA-0011,0,0,0,0,0,1,1,20120915,20121125
A85375ASZHA-0051,0,0,0,0,0,1,0,20120915,20121124
A85379AVVHA-0051,0,0,0,0,0,0,1,20120916,20121125
A85405AHPSRM-031,1,1,1,1,1,0,0,20120914,20121130
A85437AHPCsZ-031,1,1,1,1,1,0,0,20120914,20121130
A85438AHPPG-0011,1,1,1,1,1,0,0,20120914,20121130
A85441ASZCsZ-041,0,0,0,0,0,1,0,20120915,20121124
A85447ASZCsZ-011,0,0,0,0,0,1,0,20120915,20121124
A85447ASZCsZ-051,0,0,0,0,0,1,0,20120915,20121124
A85505APPHA-0011,0,0,0,0,1,0,0,20120914,20121130
A85508AVVHA-0011,0,0,0,0,0,0,1,20120916,20121125
A85521ASZSRM-011,0,0,0,0,0,1,0,20120915,20121124
A85530AHCSRM-011,1,1,1,1,0,0,0,20120917,20121129
A85531APPSRM-011,0,0,0,0,1,0,0,20120914,20120914
A85541AHCCsZ-021,1,1,1,1,0,0,0,20120917,20121129
A85542APPCsZ-021,0,0,0,0,1,0,0,20120914,20121130
A85543ASZCsZ-021,0,0,0,0,0,1,0,20120915,20121124
A85544AVVCsZ-021,0,0,0,0,0,0,1,20120916,20121125
A85560APPSRM-021,0,0,0,0,1,0,0,20120914,20121130
A85571AVVHA-0011,0,0,0,0,0,0,1,20120916,20121125
A85572APPSRM-011,0,0,0,0,1,0,0,20120914,20121130
A85573ASZSRM-011,0,0,0,0,0,1,0,20120915,20121124
A85589APPSRM-021,0,0,0,0,1,0,0,20120914,20120914
A85626APPSRM-021,0,0,0,0,1,0,0,20120914,20121130
A85627ASZSRM-021,0,0,0,0,0,1,0,20120915,20121124
A85643APPPG-0051,0,0,0,0,1,0,0,20120914,20121130
A85650ASZCsZ-061,0,0,0,0,0,1,0,20120915,20121124
A85651AVVCsZ-061,0,0,0,0,0,0,1,20120916,20121125
A85655ASVPG-0031,0,0,0,0,0,1,1,20120915,20121125
A85659ASZPG-0031,0,0,0,0,0,1,0,20120915,20121124
A85664APPPG-0031,0,0,0,0,1,0,0,20120914,20121130
A85684AHPHA-0011,1,1,1,1,1,0,0,20120914,20121130
A85685AHPHA-0011,1,1,1,1,1,0,0,20120914,20121130
A85708ASZMA-0031,0,0,0,0,0,1,0,20120915,20121124
A85868R01VVTF-0011,0,0,0,0,0,0,1,20120930,20121125
A85869R01SZTF-0011,0,0,0,0,0,1,0,20120929,20121124
A85947AHCPG-0031,1,1,1,1,0,0,0,20120917,20120927
A85950AHCSzGy011,1,1,1,1,0,0,0,20120917,20120927
A85953AHCPG-0031,1,1,1,1,0,0,0,20120917,20120927
A85956APPPG-0031,0,0,0,0,1,0,0,20120914,20121130
A85962APPSzGy011,0,0,0,0,1,0,0,20120914,20121130
A85964APPPG-0031,0,0,0,0,1,0,0,20120914,20121130
A85975ASZHA-0011,0,0,0,0,0,1,0,20120915,20121124
A85991ASZHA-0011,0,0,0,0,0,1,0,20120915,20121124
A86012AVVHA-0011,0,0,0,0,0,0,1,20120916,20121125
A86025ASZSRM-021,0,0,0,0,0,1,0,20120915,20121124
A86032AVVSRM-021,0,0,0,0,0,0,1,20120916,20121125
A86098ASZSRM-011,0,0,0,0,0,1,0,20120915,20121124
A86105AVVSRM-011,0,0,0,0,0,0,1,20120916,20121125
A86122ASZPG-0031,0,0,0,0,0,1,0,20120915,20121124
A86125AVVPG-0031,0,0,0,0,0,0,1,20120916,20121125
A86136ASZPG-0041,0,0,0,0,0,1,0,20120915,20121124
A86142AHCPG-0021,1,1,1,1,0,0,0,20120917,20121129
A86145APPPG-0021,0,0,0,0,1,0,0,20120914,20121130
A86182AHCPG-0041,1,1,1,1,0,0,0,20120917,20121129
A86185APPPG-0041,0,0,0,0,1,0,0,20120914,20121130
A86186ASZPG-0031,0,0,0,0,0,1,0,20120915,20121124
A86187ASZPG-0041,0,0,0,0,0,1,0,20120915,20121124
A86188AVVPG-0031,0,0,0,0,0,0,1,20120916,20121125
A86189AVVPG-0041,0,0,0,0,0,0,1,20120916,20121125
A86207AHPPG-0011,1,1,1,1,1,0,0,20120914,20121130
A86213AHCPG-0021,1,1,1,1,0,0,0,20120917,20121129
A86214APPPG-0021,0,0,0,0,1,0,0,20120914,20121130
A86216ASZPG-0021,0,0,0,0,0,1,0,20120915,20121124
A86218AVVPG-0021,0,0,0,0,0,0,1,20120916,20121125
A86221AVCPG-0011,1,1,1,1,0,0,1,20120916,20121129
A86222APPPG-0011,0,0,0,0,1,0,0,20120914,20121130
A86223AHCCsZ-121,1,1,1,1,0,0,0,20120917,20121129
A86224APPCsZ-121,0,0,0,0,1,0,0,20120914,20121130
A86225ASZPG-0011,0,0,0,0,0,1,0,20120915,20121124
A86237ASZSRM-031,0,0,0,0,0,1,0,20120915,20121124
A86238AVVSRM-031,0,0,0,0,0,0,1,20120916,20121125
A86266ASVPG-0051,0,0,0,0,0,1,1,20120915,20121125
A86305ASVMA-0031,0,0,0,0,0,1,1,20120929,20121125
A86367ASZPG-0011,0,0,0,0,0,1,0,20120922,20121124
A86373AVVPG-0011,0,0,0,0,0,0,1,20120916,20121125
A86401AHCKP-0011,1,1,1,1,0,0,0,20120917,20121129
A86402APPKP-0011,0,0,0,0,1,0,0,20120914,20121130
A86405APPPG-0021,0,0,0,0,1,0,0,20120914,20120914
A86537APPHA-0021,0,0,0,0,1,0,0,20120914,20120914
A86622AHPHA-0011,1,1,1,1,1,0,0,20120914,20121130
A86699APPPG-0051,0,0,0,0,1,0,0,20120914,20121130
A86700AHCPG-0051,1,1,1,1,0,0,0,20120917,20121129
A86702ASZCsZ-061,0,0,0,0,0,1,0,20120915,20121124
A86703AVVCsZ-051,0,0,0,0,0,0,1,20120916,20121125
A86704AHCCsZ-051,1,1,1,1,0,0,0,20120917,20121129
A86704AHCCsZ-061,1,1,1,1,0,0,0,20120917,20121129
A86705APPCsZ-051,0,0,0,0,1,0,0,20120914,20121130
A86705APPCsZ-061,0,0,0,0,1,0,0,20120914,20121130
A86708AHCCsZ-051,1,1,1,1,0,0,0,20120917,20121129
A86709APPCsZ-051,0,0,0,0,1,0,0,20120914,20121130
A86711AHPKG-0011,1,1,1,1,1,0,0,20120914,20121130
A86711AHPKG-0021,1,1,1,1,1,0,0,20120914,20121130
A86712ASVKG-0011,0,0,0,0,0,1,1,20120915,20121125
A86731AHPKZ-0011,1,1,1,1,1,0,0,20120914,20121130
A86732AHCKZ-0011,1,1,1,1,0,0,0,20120917,20121129
A86771ASZPG-0011,0,0,0,0,0,1,0,20120915,20121124
A86772ASZSzGy011,0,0,0,0,0,1,0,20120915,20121124
A86773APSCsZ-011,0,0,0,0,1,1,0,20120914,20121130
A86780AVVPG-0011,0,0,0,0,0,0,1,20120916,20121125
A86781AVVSzGy011,0,0,0,0,0,0,1,20120916,20121125
A86785ASZKZ-0011,0,0,0,0,0,1,0,20120915,20121124
A86786AVVKZ-0011,0,0,0,0,0,0,1,20120916,20121125
A86789AVCPG-0011,1,1,1,1,0,0,1,20120916,20121129
A86820AVVSzGy031,0,0,0,0,0,0,1,20120916,20121125
A86832APPPG-0011,0,0,0,0,1,0,0,20120914,20121130
A86833AVVMA-0011,0,0,0,0,0,0,1,20120916,20121125
A86839APPPG-0061,0,0,0,0,1,0,0,20120914,20121130
A86843ASZMA-0011,0,0,0,0,0,1,0,20120915,20121124
A86844ASZPG-0011,0,0,0,0,0,1,0,20120915,20121124
A86850ASZPG-0061,0,0,0,0,0,1,0,20120915,20121124
A86857AVCPG-0061,1,1,1,1,0,0,1,20120916,20121129
A86859RSZTF-0021,0,0,0,0,0,1,0,20120915,20120922
A86861ASZCsZ-011,0,0,0,0,0,1,0,20120915,20121124
A86863ASZCsZ-041,0,0,0,0,0,1,0,20120915,20121124
A86864RVVTF-0021,0,0,0,0,0,0,1,20120916,20120923
A86867AVVCsZ-011,0,0,0,0,0,0,1,20120916,20121125
A86870AVVCsZ-041,0,0,0,0,0,0,1,20120916,20121125
A86871ASZKG-0011,0,0,0,0,0,1,0,20120922,20121124
A86874APPKZ-0011,0,0,0,0,1,0,0,20120914,20121130
A86913ASZKZ-0011,0,0,0,0,0,1,0,20120922,20121124
A86915AVVKG-0011,0,0,0,0,0,0,1,20120916,20121125
A86930AVVPG-0021,0,0,0,0,0,0,1,20120916,20121125
A86930AVVPG-0031,0,0,0,0,0,0,1,20120916,20121125
A86931APPPG-0011,0,0,0,0,1,0,0,20120914,20121130
A86940ASZPG-0011,0,0,0,0,0,1,0,20120915,20121124
A86941ASZSRM-021,0,0,0,0,0,1,0,20120915,20121124
A86971ASZKZ-0011,0,0,0,0,0,1,0,20120929,20121124
A86973AVVKZ-0011,0,0,0,0,0,0,1,20120930,20121125
A86983APPPG-0021,0,0,0,0,1,0,0,20120914,20121130
A86987APPPG-0011,0,0,0,0,1,0,0,20120914,20121130
A86988APSPG-0021,0,0,0,0,1,1,0,20120914,20121130
A86990APPPG-0011,0,0,0,0,1,0,0,20120914,20121130
A87003ASZPG-0021,0,0,0,0,0,1,0,20120915,20121124
A87023AVVPG-0021,0,0,0,0,0,0,1,20120916,20121125
A87028ASZPG-0011,0,0,0,0,0,1,0,20120915,20121124
A87029ASZPG-0021,0,0,0,0,0,1,0,20120915,20121124
A87030ASZPG-0011,0,0,0,0,0,1,0,20120915,20121124
A87044AVVSRM-021,0,0,0,0,0,0,1,20120916,20121125
A87045AHCSRM-021,1,1,1,1,0,0,0,20120917,20121129
A87046APPSRM-021,0,0,0,0,1,0,0,20120914,20121130
A87049AVVKZ-0011,0,0,0,0,0,0,1,20120916,20121125
A87063ASZPG-0021,0,0,0,0,0,1,0,20120915,20121124
A87133AHCCsZ-031,1,1,1,1,0,0,0,20120917,20121129
A87134AHPCsZ-021,1,1,1,1,1,0,0,20120914,20121130
A87139APPCsZ-051,0,0,0,0,1,0,0,20120914,20121130
A87147APPCsZ-031,0,0,0,0,1,0,0,20120914,20121130
A87204APPCsZ-031,0,0,0,0,1,0,0,20120914,20121130
A87237AHPPG-0041,1,1,1,1,1,0,0,20120914,20121130
A87249R03SZBP-0011,0,0,0,0,0,1,0,20120915,20120915
A87250R03VVBP-0011,0,0,0,0,0,0,1,20120916,20120916
A87258AVVKZ-0011,0,0,0,0,0,0,1,20120916,20121125
A87268AVVBSK-011,0,0,0,0,0,0,1,20120916,20121125
A87277ASVSzGy011,0,0,0,0,0,1,1,20120915,20121125
A87281ASZBSK-011,0,0,0,0,0,1,0,20120915,20121124
A87298AHPPG-0021,1,1,1,1,1,0,0,20120914,20121130
A87304RHPTF-0021,1,1,1,1,1,0,0,20120914,20121130
A87305AVCPG-0051,1,1,1,1,0,0,1,20120916,20121129
A87309AHPBSK-011,1,1,1,1,1,0,0,20120914,20121130
A87311AHCCsZ-011,1,1,1,1,0,0,0,20120917,20121129
A87312AHPPG-0041,1,1,1,1,1,0,0,20120914,20121130
A87314APPCsZ-011,0,0,0,0,1,0,0,20120921,20121130
A87315AHCHA-0021,1,1,1,1,0,0,0,20120917,20121129
A87316AHCPG-0021,1,1,1,1,0,0,0,20120917,20121129
A87321APPPG-0051,0,0,0,0,1,0,0,20120914,20121130
A87322APPPG-0021,0,0,0,0,1,0,0,20120921,20121130
A87323APPHA-0021,0,0,0,0,1,0,0,20120921,20121130
A87326AHCSzGy031,1,1,1,1,0,0,0,20120917,20121129
A87327APPSzGy031,0,0,0,0,1,0,0,20120921,20121130
A87328AHCSRM-021,1,1,1,1,0,0,0,20120917,20121129
A87330APPSRM-021,0,0,0,0,1,0,0,20120921,20121130
A87334ASZHA-0021,0,0,0,0,0,1,0,20120915,20121124
A87338ASZHA-0011,0,0,0,0,0,1,0,20120915,20121124
A87340ASZPG-0051,0,0,0,0,0,1,0,20120922,20121124
A87341ASZCsZ-011,0,0,0,0,0,1,0,20120922,20121124
A87343ASZPG-0021,0,0,0,0,0,1,0,20120915,20121124
A87344ASZPG-0051,0,0,0,0,0,1,0,20120915,20121124
A87345AVVHA-0021,0,0,0,0,0,0,1,20120916,20121125
A87347ASZKZ-0011,0,0,0,0,0,1,0,20120915,20121124
A87348AHPKZ-0011,1,1,1,1,1,0,0,20120914,20121130
A87349AVVKZ-0011,0,0,0,0,0,0,1,20120916,20121125
A87351AVVMA-0031,0,0,0,0,0,0,1,20120916,20121125
A87362AVVPG-0051,0,0,0,0,0,0,1,20120916,20121125
A87363AVVCsZ-011,0,0,0,0,0,0,1,20120916,20121125
A87364AVVPG-0021,0,0,0,0,0,0,1,20120916,20121125
A87369AHCSzGy021,1,1,1,1,0,0,0,20120924,20121129
A87392APPSzGy021,0,0,0,0,1,0,0,20120928,20121130
A87461AHPPG-0021,1,1,1,1,1,0,0,20120914,20121130
A87462AHCMA-0011,1,1,1,1,0,0,0,20120917,20120927
A87463APPMA-0011,0,0,0,0,1,0,0,20120914,20121130
A87464AVCPG-0021,1,1,1,1,0,0,1,20120916,20121129
A87464AVCPG-0031,1,1,1,1,0,0,1,20120916,20121129
A87466AVCPG-0021,1,1,1,1,0,0,1,20120916,20121129
A87522AHPKG-0011,1,1,1,1,1,0,0,20120914,20121130
A87532AHCHA-0021,1,1,1,1,0,0,0,20120917,20121129
A87535APPHA-0021,0,0,0,0,1,0,0,20120914,20121130
A87548AHCPG-0031,1,1,1,1,0,0,0,20120917,20120927
A87553AHCMA-0011,1,1,1,1,0,0,0,20120917,20121129
A87555AHCCsZ-011,1,1,1,1,0,0,0,20120917,20121129
A87555AHCCsZ-051,1,1,1,1,0,0,0,20120917,20121129
A87556APPCsZ-011,0,0,0,0,1,0,0,20120914,20121130
A87556APPCsZ-051,0,0,0,0,1,0,0,20120914,20121130
A87557APPMA-0011,0,0,0,0,1,0,0,20120914,20121130
A87561AHCPG-0031,1,1,1,1,0,0,0,20120917,20121129
A87563APPPG-0031,0,0,0,0,1,0,0,20120914,20121130
A87571AHPGPP-021,1,1,1,1,1,0,0,20120914,20121130
A87574APPPG-0031,0,0,0,0,1,0,0,20120914,20121130
A87581ASZPG-0031,0,0,0,0,0,1,0,20120915,20121124
A87583AHCPG-0061,1,1,1,1,0,0,0,20120917,20121129
A87589ASVKZ-0011,0,0,0,0,0,1,1,20120915,20121125
A87590AHPKZ-0011,1,1,1,1,1,0,0,20120914,20121130
A87592RSZBP-0011,0,0,0,0,0,1,0,20120922,20120922
A87593AVVPG-0031,0,0,0,0,0,0,1,20120916,20121125
A87599R04SVMA-0011,0,0,0,0,0,1,1,20120922,20120923
A87600AHCPG-0051,1,1,1,1,0,0,0,20120917,20121129
A87601AHCPG-0021,1,1,1,1,0,0,0,20120917,20121129
A87602AHCPG-0021,1,1,1,1,0,0,0,20120917,20121129
A87602AHCPG-0031,1,1,1,1,0,0,0,20120917,20121129
A87606RSZBP-0011,0,0,0,0,0,1,0,20120922,20120922
A87610APPPG-0021,0,0,0,0,1,0,0,20120914,20121130
A87611ASZPG-0021,0,0,0,0,0,1,0,20120915,20121124
A87612APPPG-0051,0,0,0,0,1,0,0,20120914,20121130
A87613APPSRM-011,0,0,0,0,1,0,0,20120914,20121130
A87614AVCPG-0021,1,1,1,1,0,0,1,20120916,20121129
A87615ASZSRM-011,0,0,0,0,0,1,0,20120915,20121124
A87616AHCGPP-021,1,1,1,1,0,0,0,20120917,20121129
A87617APPGPP-021,0,0,0,0,1,0,0,20120914,20121130
A87618ASZSRM-011,0,0,0,0,0,1,0,20120915,20121124
A87619AHPKZ-0011,1,1,1,1,1,0,0,20120914,20121130
A87620AVVSRM-011,0,0,0,0,0,0,1,20120916,20121125
A87621AHCKZ-0011,1,1,1,1,0,0,0,20120917,20121129
A87623APPKZ-0011,0,0,0,0,1,0,0,20120914,20121130
A87624APPPG-0061,0,0,0,0,1,0,0,20120914,20121130
A87625AHCSRM-011,1,1,1,1,0,0,0,20120917,20121129
A87626APPSRM-011,0,0,0,0,1,0,0,20120914,20121130
A87635AHCSRM-011,1,1,1,1,0,0,0,20120917,20121129
A87636APPSRM-011,0,0,0,0,1,0,0,20120914,20121130
A87639ASZPG-0061,0,0,0,0,0,1,0,20120915,20121124
A87640ASZSRM-011,0,0,0,0,0,1,0,20120915,20121124
A87641AHCPG-0061,1,1,1,1,0,0,0,20120917,20121129
A87642AVVSRM-011,0,0,0,0,0,0,1,20120916,20121125
A87644AHCPG-0061,1,1,1,1,0,0,0,20120917,20120927
A87651ASVPG-0041,0,0,0,0,0,1,1,20120915,20121125
A87653ASZPG-0011,0,0,0,0,0,1,0,20120915,20121124
A87654AVCSRM-011,1,1,1,1,0,0,1,20120916,20121129
A87657AVVPG-0011,0,0,0,0,0,0,1,20120916,20121125
A87670AVVPG-0021,0,0,0,0,0,0,1,20120916,20121125
A87672RHCSRM-021,1,1,1,1,0,0,0,20120917,20120927
A87675RPPSRM-021,0,0,0,0,1,0,0,20120914,20121130
A87676R3HCPG-0021,1,1,1,1,0,0,0,20120917,20120927
A87678ASZCsZ-021,0,0,0,0,0,1,0,20120915,20121124
A87681AHPKZ-0011,1,1,1,1,1,0,0,20120914,20121130
A87696AHCCsZ-021,1,1,1,1,0,0,0,20120917,20120927
A87698APPCsZ-021,0,0,0,0,1,0,0,20120914,20121130
A87699TO2HPKP-0011,1,1,1,1,1,0,0,20120914,20121130
A87700AHCPG-0041,1,1,1,1,0,0,0,20120917,20121129
A87702APPPG-0041,0,0,0,0,1,0,0,20120914,20121130
A87703TO2SZKP-0011,0,0,0,0,0,1,0,20120915,20121124
A87704TO2VVKP-0011,0,0,0,0,0,0,1,20120916,20121125
A87705APPPG-0021,0,0,0,0,1,0,0,20120914,20121130
A87705APPPG-0031,0,0,0,0,1,0,0,20120914,20121130
A87706AHPMA-0031,1,1,1,1,1,0,0,20120914,20121130
A87707AHCMA-0011,1,1,1,1,0,0,0,20120917,20121129
A87708APPMA-0011,0,0,0,0,1,0,0,20120914,20121130
A87709AHPSzGy011,1,1,1,1,1,0,0,20120914,20121130
A87711AHCPG-0011,1,1,1,1,0,0,0,20120917,20120927
A87712APPPG-0011,0,0,0,0,1,0,0,20120914,20121130
A87713R3PPPG-0021,0,0,0,0,1,0,0,20120914,20121130
A87714AHCPG-0011,1,1,1,1,0,0,0,20120917,20120927
A87714AHCPG-0051,1,1,1,1,0,0,0,20120917,20120927
A87715APPPG-0011,0,0,0,0,1,0,0,20120914,20121130
A87715APPPG-0051,0,0,0,0,1,0,0,20120914,20121130
A87716AVCPG-0021,1,1,1,1,0,0,1,20120916,20121129
A87717AVCPG-0011,1,1,1,1,0,0,1,20120916,20121129
A87718AVCPG-0011,1,1,1,1,0,0,1,20120916,20121129
A87720AVCPG-0011,1,1,1,1,0,0,1,20120916,20121129
A87723AHCPG-0041,1,1,1,1,0,0,0,20120917,20121129
A87727R03PPBP-0011,0,0,0,0,1,0,0,20120914,20120914
A87728R03SZBP-0011,0,0,0,0,0,1,0,20120915,20120915
A87729R03VVBP-0011,0,0,0,0,0,0,1,20120916,20120916
A87732APPPG-0041,0,0,0,0,1,0,0,20120914,20121130
A87736AHPPG-0031,1,1,1,1,1,0,0,20120914,20121130
A87738AHPSzGy011,1,1,1,1,1,0,0,20120914,20121130
A87740AHCSRM-011,1,1,1,1,0,0,0,20120917,20121129
A87741AHCPG-0031,1,1,1,1,0,0,0,20120917,20121129
A87743AHPSRM-011,1,1,1,1,1,0,0,20120914,20121130
A87744APPPG-0031,0,0,0,0,1,0,0,20120914,20121130
A87752APPSRM-011,0,0,0,0,1,0,0,20120914,20121130
A87753AHCGPP-041,1,1,1,1,0,0,0,20120917,20121129
A87755APPGPP-041,0,0,0,0,1,0,0,20120914,20121130
A87757RHCKP-0011,1,1,1,1,0,0,0,20120917,20120927
A87760RPPKP-0011,0,0,0,0,1,0,0,20120914,20121130
A87762AHCCsZ-021,1,1,1,1,0,0,0,20120917,20121129
A87763AHCPG-0061,1,1,1,1,0,0,0,20120917,20121129
A87763AHCPG-0081,1,1,1,1,0,0,0,20120917,20121129
A87764APPPG-0061,0,0,0,0,1,0,0,20120914,20121130
A87764APPPG-0081,0,0,0,0,1,0,0,20120914,20121130
A87765AHCSRM-021,1,1,1,1,0,0,0,20120917,20121129
A87767APPCsZ-021,0,0,0,0,1,0,0,20120914,20121130
A87768APPSRM-021,0,0,0,0,1,0,0,20120914,20121130
A87772APPPG-0021,0,0,0,0,1,0,0,20120914,20121130
A87773AHCHA-0011,1,1,1,1,0,0,0,20120917,20121129
A87781AHCCsZ-041,1,1,1,1,0,0,0,20120917,20121129
A87782APPCsZ-041,0,0,0,0,1,0,0,20120914,20121130
A87783AHPCsZ-011,1,1,1,1,1,0,0,20120914,20121130
A87784AHCCsZ-021,1,1,1,1,0,0,0,20120917,20121129
A87786APPCsZ-021,0,0,0,0,1,0,0,20120914,20121130
A87790AHPKP-0021,1,1,1,1,1,0,0,20120914,20121130
A87791AHPCsZ-011,1,1,1,1,1,0,0,20120914,20121130
A87792AHCPG-0021,1,1,1,1,0,0,0,20120917,20121129
A87793APPPG-0021,0,0,0,0,1,0,0,20120914,20121130
A87794AHCSzGy031,1,1,1,1,0,0,0,20120917,20121129
A87795APPSzGy031,0,0,0,0,1,0,0,20120914,20121130
A87796AHPGPP-011,1,1,1,1,1,0,0,20120914,20121130
A87798AHPPG-0011,1,1,1,1,1,0,0,20120914,20121130
A87801AHCCsZ-011,1,1,1,1,0,0,0,20120917,20121129
A87803APPCsZ-011,0,0,0,0,1,0,0,20120914,20121130
A87805AHCSRM-021,1,1,1,1,0,0,0,20120917,20121129
A87806AHCPG-0011,1,1,1,1,0,0,0,20120917,20121129
A87807AHCCsZ-031,1,1,1,1,0,0,0,20120917,20121129
A87808AHCCsZ-041,1,1,1,1,0,0,0,20120917,20121129
A87809APPPG-0011,0,0,0,0,1,0,0,20120914,20121130
A87812APPSRM-021,0,0,0,0,1,0,0,20120914,20121130
A87813AHCCsZ-051,1,1,1,1,0,0,0,20120917,20121129
A87814APPCsZ-051,0,0,0,0,1,0,0,20120914,20121130
A87815ASZPG-0051,0,0,0,0,0,1,0,20120915,20121124
A87817APPCsZ-031,0,0,0,0,1,0,0,20120914,20121130
A87818APPCsZ-041,0,0,0,0,1,0,0,20120914,20121130
A87824AHCHA-0011,1,1,1,1,0,0,0,20120917,20121129
A87826AVVKP-0021,0,0,0,0,0,0,1,20120916,20121125
A87827APPHA-0011,0,0,0,0,1,0,0,20120914,20121130
A87828ASZPG-0031,0,0,0,0,0,1,0,20120915,20121124
A87829AHPHA-0021,1,1,1,1,1,0,0,20120914,20121130
A87831AHCHA-0021,1,1,1,1,0,0,0,20120917,20121129
A87831AHCHA-0031,1,1,1,1,0,0,0,20120917,20121129
A87832ASZPG-0061,0,0,0,0,0,1,0,20120915,20121124
A87833AVVPG-0061,0,0,0,0,0,0,1,20120916,20121125
A87834APPHA-0021,0,0,0,0,1,0,0,20120914,20121130
A87834APPHA-0031,0,0,0,0,1,0,0,20120914,20121130
A87836ASZPG-0061,0,0,0,0,0,1,0,20120915,20121124
A87837NHSZPG-0051,0,0,0,0,0,1,0,20120915,20121124
A87838AVVPG-0061,0,0,0,0,0,0,1,20120916,20121125
A87846ASZSRM-011,0,0,0,0,0,1,0,20120915,20121124
A87847ASZCsZ-021,0,0,0,0,0,1,0,20120915,20121124
A87848ASZKZ-0011,0,0,0,0,0,1,0,20120922,20121124
A87850ASZKZ-0011,0,0,0,0,0,1,0,20120915,20121124
A87851ASZCsZ-071,0,0,0,0,0,1,0,20120915,20121124
A87852ASZCsZ-021,0,0,0,0,0,1,0,20120915,20121124
A87853AHPKP-0011,1,1,1,1,1,0,0,20120914,20121130
A87855R3HPTF-0011,1,1,1,1,1,0,0,20120914,20120914
A87856ASZHA-0011,0,0,0,0,0,1,0,20120915,20121124
A87857ASZHA-0011,0,0,0,0,0,1,0,20120915,20121124
A87858ASVKZ-0011,0,0,0,0,0,1,1,20120915,20121125
A87860AHCSzGy021,1,1,1,1,0,0,0,20120917,20121129
A87861ASZCsZ-101,0,0,0,0,0,1,0,20120915,20121124
A87862ASZSzGy021,0,0,0,0,0,1,0,20120915,20121124
A87863APPHA-0011,0,0,0,0,1,0,0,20120914,20121130
A87864ASZPG-0021,0,0,0,0,0,1,0,20120915,20121124
A87864ASZPG-0031,0,0,0,0,0,1,0,20120915,20121124
A87865ASZHA-0041,0,0,0,0,0,1,0,20120915,20120922
A87867ASZMA-0021,0,0,0,0,0,1,0,20120915,20121124
A87870APPSzGy021,0,0,0,0,1,0,0,20120914,20121130
A87872AVVKZ-0011,0,0,0,0,0,0,1,20120916,20121125
A87874ASVGPP-011,0,0,0,0,0,1,1,20120915,20121125
A87875ASVPG-0011,0,0,0,0,0,1,1,20120915,20121125
A87877ASZSzGy031,0,0,0,0,0,1,0,20120915,20121124
A87878ASZCsZ-011,0,0,0,0,0,1,0,20120915,20121124
A87879APPPG-0021,0,0,0,0,1,0,0,20120914,20121130
A87880ASZPG-0021,0,0,0,0,0,1,0,20120915,20121124
A87881ASZMA-0011,0,0,0,0,0,1,0,20120915,20121124
A87882ASZPG-0021,0,0,0,0,0,1,0,20120915,20121124
A87883ASZPG-0031,0,0,0,0,0,1,0,20120915,20121124
A87889AVVHA-0011,0,0,0,0,0,0,1,20120916,20121125
A87890AVVHA-0011,0,0,0,0,0,0,1,20120916,20121125
A87891AVVSRM-011,0,0,0,0,0,0,1,20120916,20121125
A87892AVVPG-0031,0,0,0,0,0,0,1,20120916,20121125
A87893NHVVPG-0051,0,0,0,0,0,0,1,20120916,20121125
A87894AVVMA-0021,0,0,0,0,0,0,1,20120916,20121125
A87900AVVPG-0021,0,0,0,0,0,0,1,20120916,20121125
A87901R3SZTF-0011,0,0,0,0,0,1,0,20120915,20120915
A87902AVVMA-0011,0,0,0,0,0,0,1,20120916,20121125
A87903AVVCsZ-011,0,0,0,0,0,0,1,20120916,20121125
A87906ASZPG-0031,0,0,0,0,0,1,0,20120915,20121124
A87907AVVPG-0011,0,0,0,0,0,0,1,20120916,20121125
A87907AVVPG-0051,0,0,0,0,0,0,1,20120916,20121125
A87910AVVSzGy021,0,0,0,0,0,0,1,20120916,20121125
A87911AVVPG-0031,0,0,0,0,0,0,1,20120916,20121125
A87912AVVPG-0031,0,0,0,0,0,0,1,20120916,20121125
A87913AVVCsZ-021,0,0,0,0,0,0,1,20120916,20121125
A87914AVVSRM-021,0,0,0,0,0,0,1,20120916,20121125
A87915ASZCsZ-121,0,0,0,0,0,1,0,20120915,20121124
A87919APPPG-0061,0,0,0,0,1,0,0,20120914,20121130
A87920AVVCsZ-021,0,0,0,0,0,0,1,20120916,20121125
A87921AVVCsZ-121,0,0,0,0,0,0,1,20120916,20121125
A87923ASZSzGy011,0,0,0,0,0,1,0,20120915,20121124
A87924AVVSzGy011,0,0,0,0,0,0,1,20120916,20121125
A87925AVVCsZ-021,0,0,0,0,0,0,1,20120916,20121125
A87927ASZHA-0011,0,0,0,0,0,1,0,20120915,20121124
A87929ASZHA-0021,0,0,0,0,0,1,0,20120915,20121124
A87929ASZHA-0031,0,0,0,0,0,1,0,20120915,20121124
A87930AVVHA-0021,0,0,0,0,0,0,1,20120916,20121125
A87930AVVHA-0031,0,0,0,0,0,0,1,20120916,20121125
A87931ASZHA-0051,0,0,0,0,0,1,0,20120929,20121124
A87933ASZSzGy021,0,0,0,0,0,1,0,20120929,20121124
A87935ASVSRM-021,0,0,0,0,0,1,1,20120915,20121125
A87939APPPG-0061,0,0,0,0,1,0,0,20120914,20121130
A87940AVVHA-0051,0,0,0,0,0,0,1,20120930,20121125
A87942AVVSzGy021,0,0,0,0,0,0,1,20120930,20121125
A87944AVVSRM-011,0,0,0,0,0,0,1,20120916,20121125
A87947AVVCsZ-021,0,0,0,0,0,0,1,20120916,20121125
A87953R3VVTF-0011,0,0,0,0,0,0,1,20120916,20120916
A87960ASZKP-0011,0,0,0,0,0,1,0,20120915,20121124
A87962AVVKP-0011,0,0,0,0,0,0,1,20120916,20121125
A87964ASZPG-0021,0,0,0,0,0,1,0,20120915,20121124
A87965AVVPG-0021,0,0,0,0,0,0,1,20120916,20121125
A87967AVVPG-0061,0,0,0,0,0,0,1,20120916,20121125
A87969ASVPG-0011,0,0,0,0,0,1,1,20120915,20121125
A87971NYSVCsZ-011,0,0,0,0,0,1,1,20120915,20121125
A87973AVVPG-0041,0,0,0,0,0,0,1,20120916,20121125
A87974REHCTF-0011,1,1,1,1,0,0,0,20120925,20120925
A87974REVSTF-0011,1,1,1,0,0,0,1,20120924,20120924
A87976AVVPG-0041,0,0,0,0,0,0,1,20120916,20121125
A87977RHCTF-0011,1,1,1,1,0,0,0,20120924,20120924
A87977RHCTF-0031,1,1,1,1,0,0,0,20120924,20120924
A87978ASZPG-0041,0,0,0,0,0,1,0,20120915,20121124
A87981RHCTF-0021,1,1,1,1,0,0,0,20120924,20120924
A87994RHCBZS-011,1,1,1,1,0,0,0,20120924,20120924
A87995RHCBZS-011,1,1,1,1,0,0,0,20120924,20120924
A88006AHCPG-0031,1,1,1,1,0,0,0,20120917,20121129
A88008APPPG-0031,0,0,0,0,1,0,0,20120914,20121130
A88009AVVSzGy021,0,0,0,0,0,0,1,20120916,20120923
A88046RHCSRM-021,1,1,1,1,0,0,0,20121001,20121129
A88122AHPGPP-021,1,1,1,1,1,0,0,20121001,20121129
A88160NSGSZKP-0011,0,0,0,0,0,1,0,20120922,20120922
A88161NSGVVKP-0011,0,0,0,0,0,0,1,20120923,20120923
A88176AHCSRM-011,1,1,1,1,0,0,0,20121001,20121129
A88177RHPBP-0011,1,1,1,1,1,0,0,20120914,20121130
A88179RSVBP-0011,0,0,0,0,0,1,1,20120915,20121125
A88196RHPBP-0031,1,1,1,1,1,0,0,20120914,20121130
A88198RHCSRM-021,1,1,1,1,0,0,0,20121001,20121129
A88199RHPSzM011,1,1,1,1,1,0,0,20120914,20121130
A88211AHCPG-0031,1,1,1,1,0,0,0,20121001,20121129
A88250AHPHA-0011,1,1,1,1,1,0,0,20121001,20121129
A88301AHCPG-0031,1,1,1,1,0,0,0,20121001,20121129
A88337AHCPG-0011,1,1,1,1,0,0,0,20120917,20121129
A88340APPPG-0011,0,0,0,0,1,0,0,20120914,20121130
A88352RVVBP-0011,0,0,0,0,0,0,1,20120923,20120923
A88353RVVBP-0011,0,0,0,0,0,0,1,20120923,20120923
A88358R2SZBP-0011,0,0,0,0,0,1,0,20120922,20120922
A88359R2VVBP-0011,0,0,0,0,0,0,1,20120923,20120923
A88373AHCGPP-021,1,1,1,1,0,0,0,20120917,20120927
A88378APPGPP-021,0,0,0,0,1,0,0,20120914,20121130
A88379ASZGPP-021,0,0,0,0,0,1,0,20120915,20121124
A88380AVVGPP-021,0,0,0,0,0,0,1,20120916,20121125
A88383AHCHA-0011,1,1,1,1,0,0,0,20120917,20121129
A88385AHCHA-0021,1,1,1,1,0,0,0,20120917,20121129
A88388AHCGPP-021,1,1,1,1,0,0,0,20121001,20121129
A88422RSZBP-0011,0,0,0,0,0,1,0,20120922,20120922
A88426RVVBP-0011,0,0,0,0,0,0,1,20120923,20120923
A88427ASZKP-0021,0,0,0,0,0,1,0,20120915,20121124
A88430AHPPG-0011,1,1,1,1,1,0,0,20121001,20121129
A88440RSZBP-0011,0,0,0,0,0,1,0,20120922,20120922
A88456AHCPG-0031,1,1,1,1,0,0,0,20121001,20121129
A88458AHCSzGy011,1,1,1,1,0,0,0,20121001,20121129
A88463RSZBP-0011,0,0,0,0,0,1,0,20120915,20120915
A88463RSZBP-0031,0,0,0,0,0,1,0,20120915,20120915
A88480AHCPG-0031,1,1,1,1,0,0,0,20121001,20121129
A88508RSZBP-0011,0,0,0,0,0,1,0,20120915,20120915
A88511AHCPG-0061,1,1,1,1,0,0,0,20121001,20121129
A88520AHPMA-0031,1,1,1,1,1,0,0,20121001,20121129
A88521AHCPG-0051,1,1,1,1,0,0,0,20121001,20121129
A88534R2HPBP-0011,1,1,1,1,1,0,0,20120914,20121130
A88536R2SVBP-0011,0,0,0,0,0,1,1,20120915,20121125
A88559AHCCsZ-021,1,1,1,1,0,0,0,20121001,20121129
A88567AHCHA-0051,1,1,1,1,0,0,0,20120924,20121129
A88570APPHA-0051,0,0,0,0,1,0,0,20120928,20121130
A88604AHPKZ-0011,1,1,1,1,1,0,0,20121001,20121129
A88607AHCPG-0011,1,1,1,1,0,0,0,20121001,20121129
A88615RVVBP-0011,0,0,0,0,0,0,1,20120923,20120923
A88624RPPTF-0031,0,0,0,0,1,0,0,20120914,20120914
A88624RSZTF-0031,0,0,0,0,0,1,0,20120915,20120915
A88633RSZTF-0031,0,0,0,0,0,1,0,20120915,20120915
A88633RVVTF-0031,0,0,0,0,0,0,1,20120916,20120916
A88638AHPKZ-0011,1,1,1,1,1,0,0,20121001,20121129
A88642AHPKZ-0011,1,1,1,1,1,0,0,20120914,20121130
A88642AHPKz-0011,1,1,1,1,1,0,0,20120914,20121130
A88649AHPMA-0031,1,1,1,1,1,0,0,20121001,20121129
A88651AHPMA-0011,1,1,1,1,1,0,0,20121001,20121129
A88652AHCGPP-011,1,1,1,1,0,0,0,20121001,20121129
A88653RHHTF-0031,1,0,0,0,0,0,0,20120917,20120917
A88658AHCSRM-011,1,1,1,1,0,0,0,20121001,20121129
A88667AHPSzGy011,1,1,1,1,1,0,0,20121001,20121129
A88668RHPKZ-0011,1,1,1,1,1,0,0,20120917,20120921
A88669RSZKZ-0011,0,0,0,0,0,1,0,20120915,20120922
A88670RVVKZ-0011,0,0,0,0,0,0,1,20120916,20120923
A88672RSZTF-0021,0,0,0,0,0,1,0,20120915,20120915
A88683RVVTF-0021,0,0,0,0,0,0,1,20120916,20120916
A88690RHPKP-0011,1,1,1,1,1,0,0,20120917,20120921
A88693R3HPTF-0031,1,1,1,1,1,0,0,20120914,20120914
A88694RSVKP-0011,0,0,0,0,0,1,1,20120915,20120923
A88700R3SVTF-0031,0,0,0,0,0,1,1,20120915,20120916
A88727AHCPG-0011,1,1,1,1,0,0,0,20121001,20121129
A88727AHCPG-0051,1,1,1,1,0,0,0,20121001,20121129
A88731AHPKZ-0011,1,1,1,1,1,0,0,20120914,20121130
A88755RSZTF-0011,0,0,0,0,0,1,0,20120915,20120915
A88763RSZGER-011,0,0,0,0,0,1,0,20120915,20120915
A88767RSZ31,0,0,0,0,0,1,0,20120915,20120915
A88780RSZ21,0,0,0,0,0,1,0,20120915,20120915
A88782R3SZBZS-011,0,0,0,0,0,1,0,20120915,20120915
A88787AHCMA-0011,1,1,1,1,0,0,0,20121001,20121129
A88808AHPPG-0021,1,1,1,1,1,0,0,20121001,20121129
A88881RHCCsZ-011,1,1,1,1,0,0,0,20120918,20120927
A88882R2HPHA-0011,1,1,1,1,1,0,0,20120918,20121130
A88891RPPCsZ-011,0,0,0,0,1,0,0,20120921,20121130
A88897RHC0011,1,1,1,1,0,0,0,20120918,20120927
A88899RPP0011,0,0,0,0,1,0,0,20120921,20121130
A88901RHCCsZ-011,1,1,1,1,0,0,0,20120918,20120927
A88902RPPCsZ-011,0,0,0,0,1,0,0,20120921,20121130
A88907R2HPCsZ-031,1,1,1,1,1,0,0,20120918,20121130
